25 
101 2 2 1 20 6 32 4 12 55000 22 
102 1 2 1 8 6 64 8 24 120000 33 
103 0 3 1 12 10 32 8 8 88000 76 
104 3 3 2 20 6 32 2 12 48000 2 
105 0 1 0 12 5 16 1 36 32000 54 
106 1 0 2 8 5 32 2 12 65000 65 
107 1 2 0 12 8 64 8 8 55000 76 
108 3 3 2 8 10 16 6 8 83000 14 
109 2 1 1 14 6 128 6 24 78000 43 
110 0 2 0 20 6 32 8 12 94900 64 
111 1 3 1 8 8 16 8 18 68700 88 
112 2 3 1 8 6 64 6 18 12300 123 
113 0 1 2 14 5 64 8 36 85000 33 
114 1 1 0 20 5 128 6 24 40000 28 
115 1 0 0 8 6 128 12 8 150000 80 
116 0 0 2 12 6 64 8 24 95000 120 
117 3 0 0 12 8 8 6 12 32000 25 
118 2 0 1 12 6 32 4 12 84000 30 
119 0 3 2 14 8 16 4 12 110000 43 
120 2 3 1 8 6 32 4 12 50000 94 
121 0 1 1 20 5 8 8 8 85000 54 
122 1 1 2 14 10 128 8 48 180000 80 
123 2 2 2 8 8 32 12 24 78000 40 
124 3 1 2 12 8 32 12 36 134000 42 
125 1 2 0 12 6 32 8 12 65000 35 
